varlTShkAggQtr = 0.000004
