varlCShkAggQtr = 0.000004
